[303537_4160543410666_232173342_n.jpg]
filters=tilt=1,-1.000000,0.000000;enhance=1;autocolor=1;enhance=1;autocolor=1;enhance=1;autolight=1;enhance=1;tilt=1,-0.446662,0.000000;warm=1;Orton=1,29.239765,72.514618,0.000000;warm=1;sepia=1;finetune2=1,0.000000,0.025263,0.143158,00000000,0.000000;Orton=1,0.000000,28.654972,0.000000;PicnikGrain=1,44.152050,0;Cinemascope=1,1;finetune2=1,0.116959,0.000000,0.000000,00000000,0.000000;
moddate=00c1b7c76e45cd01
width=717
height=960
textactive=0
